2 3 3552 3758 6536
2 3 6536 9510 9495
2 2 9495 11465
2 4 6657 11600 11616 11465
2 4 9737 11565 9597 6657
2 3 9737 6762 9710
2 4 6657 655 3659 3671
2 3 3671 6533 512
2 3 3671 669 651
2 3 620 3626 651
2 4 9490 3506 6518 512
2 3 9490 3669 3652
2 2 9642 3652
2 3 9490 551 13011
2 3 13011 9472 3560
2 3 3560 5291 9559
2 2 11516 9559
2 3 11516 1346 6529
2 2 6529 9503
2 2 6529 678
2 2 549 9503
2 4 11506 11491 9725 512
2 4 9495 527 9550 6449
2 4 3594 9625 648 3652
2 3 6613 11593 3594
2 3 6613 780 3768
2 3 3768 6609 778
2 4 11834 11875 3762 3768
2 2 11834 911
2 3 9909 3928 911
2 4 11834 11849 11877 9898
2 4 11506 9534 6569 11420
2 2 485 11420
2 2 11563 485
2 2 9434 11563
2 3 11548 9500 11420
2 2 575 11548
2 2 575 11483
2 5 9737 9717 929 3749 6766
2 6 9131 11107 2 9188 11166 121
2 7 9188 6167 3077 9144 6122 6022 6245
2 6 6245 3215 9343 9265 6264 3235
2 3 3235 9287 11234
2 3 11234 6293 11241
2 4 6293 11353 3247 306
2 3 306 3297 11336
2 4 3247 11290 6354 9289
2 3 9289 3378 6344
2 2 3378 3350
2 4 3350 386 216 11370
2 3 11370 3267 406
2 3 406 6340 3320
2 3 3320 327 6296
2 2 6296 9357
2 2 9357 6229
2 2 6229 9483
2 3 9483 9731 6314
2 2 6314 3288
2 3 9483 6342 3525
2 2 3525 6322
2 2 3525 6222
2 2 6222 9340
2 3 6340 9236 9304
2 3 6342 265 3255
2 3 265 10323 10493
2 3 327 6281 400
2 2 6281 3254
2 2 400 347
2 2 347 11301
2 3 11301 290 402
2 3 402 3521 3458
2 3 3458 3559 11399
2 3 3458 6511 3544
2 3 3458 6416 11430
2 2 11430 9427
2 2 11430 11413
2 2 11413 11398
2 2 11413 442
2 3 11398 417 3550
2 2 3550 6573
2 2 6573 3581
2 3 11398 9412 9567
2 2 9567 6464
2 2 6464 11467
2 2 11467 9511
2 2 9567 3583
2 2 3583 3414
2 2 3414 6562
2 2 6562 3569
2 2 3569 557
2 3 557 9539 9692
2 2 9539 541
2 2 541 11522
2 2 9692 3700
2 2 3700 6720
2 2 6720 686
2 2 3700 11666
2 2 686 11627
2 3 557 11525 9569
2 2 9569 11542
2 2 11542 6418
2 2 6418 3585
2 2 3585 9471
2 2 9471 3535
2 3 3585 9441 538
2 2 538 425
2 2 425 3561
2 3 3585 3418 11432
2 3 11399 6580 422
2 3 11432 469 11401
2 3 11401 11414 3545
2 2 3545 9570
2 2 9570 552
2 3 11432 573 514
2 3 514 478 9496
2 2 9496 3473
2 3 686 11630 9646
2 2 9646 665
2 3 665 9611 11581
2 3 3288 11265 6332
2 3 6332 11245 6375
2 3 11525 543 732
2 2 732 9665
2 3 732 532 9681
2 3 532 3541 3299
2 3 3299 6540 708
2 2 708 11499
2 2 11499 9517
2 2 9517 3530
2 2 3530 549
2 2 549 11531
2 2 11531 9575
2 2 9503 6529
2 2 9503 6712
2 2 6712 11640
2 2 9575 11435
2 2 11435 6583
2 2 9575 9559
2 2 9559 9418
2 2 9418 3560
2 2 9559 11516
2 2 9575 3423
2 2 3423 11560
2 2 11560 6488
2 2 11640 678
2 2 678 9638
2 2 11640 663
2 2 663 3679
2 2 9638 9620
2 3 663 11601 658
2 2 658 9600
2 2 9600 607
2 2 607 3780
2 2 3780 773
2 2 3780 6790
2 2 6790 3976
2 2 6790 9752
2 2 9752 6606
2 2 9752 11734
2 2 3976 6973
2 2 6973 6946
2 2 6946 9907
2 2 6973 6788
2 2 6788 3772
2 2 3772 11723
2 2 3772 11891
2 2 11891 9909
2 2 11723 9741
2 2 6606 6793
2 2 6793 9582
2 2 9582 11584
2 2 11584 628
2 2 628 6626
2 2 628 9613
2 2 11584 3604
2 2 3604 11598
2 2 3604 603
2 2 11598 9630
2 3 9741 3782 611
2 2 611 778
2 2 611 11570
2 3 11435 3488 11562
2 2 11562 3444
2 2 11562 11519
2 2 11519 13068
2 2 11519 3516
2 2 13068 516
2 2 516 9536
2 2 516 6560
2 2 516 6598
2 2 516 3576
2 2 3444 6469
2 2 6469 587
2 2 587 3547
2 2 6469 6622
2 2 3444 9363
2 2 9363 6241
2 2 6241 391
2 2 391 3211
2 2 3211 9498
2 2 9498 6496
2 2 9498 3262
2 2 3576 11483
2 2 11483 575
2 3 6241 6286 6336
2 2 6286 9335
2 3 9335 11318 11360
2 2 11360 241
2 3 9907 910 6875
2 2 911 11834
2 3 708 6693 692
2 3 6693 11620 673
2 3 673 11634 707
2 2 707 688
2 3 688 6691 3674
2 2 3674 3673
2 2 3674 11612
2 3 3299 561 11544
2 3 561 11529 9557
2 3 778 9603 6666
2 3 6666 3646 9642
2 3 3652 3669 9490
2 3 778 6609 3768
2 3 3768 780 6613
2 3 11529 9572 6421
2 3 6416 3482 9508
2 3 9496 3207 6282
2 3 3207 11505 6521
2 3 6282 6334 9334
2 3 9334 9361 11372
2 2 11372 11343
2 2 11343 9263
2 2 9263 362
2 3 9263 334 279
2 2 279 3295
2 2 3295 3230
2 2 11420 485
2 2 485 9434
2 3 290 3392 11528
2 2 11528 6415
2 2 6415 560
2 2 560 11503
2 3 11503 6435 6557
2 3 11581 3654 6650
2 3 11581 624 9595
2 3 624 6619 6983
2 3 6983 11572 11899
2 3 11899 11872 9894
2 2 9894 6889
2 2 6889 9821
2 2 9821 9809
2 2 9809 6913
2 2 6913 937
2 2 6913 9849
2 2 9809 9780
2 2 9780 13255
2 2 13255 9914
2 2 9849 867
2 2 867 833
2 2 867 3882
2 2 9849 6940
2 2 6940 9890
2 3 6521 3499 9456
2 2 9456 3522
2 2 3522 9375
2 3 6557 6509 3457
2 2 6509 438
2 2 3457 476
2 3 422 9558 11479
2 3 6573 3565 11691
2 2 11691 3548
2 2 3548 6571
2 2 6571 9563
2 3 6571 3743 9548
2 2 9548 577
2 3 476 9423 414
2 3 414 6600 565
2 2 565 9716
2 3 6622 6535 9509
2 2 6535 11388
2 3 6535 11431 564
2 3 6626 599 11564
2 3 6650 13252 591
2 2 591 11901
2 2 11901 13376
2 2 13376 3943
2 3 564 6513 11493
2 2 11493 6377
2 3 833 11856 6900
2 3 6900 9837 936
2 2 936 3844
2 2 936 3526
2 2 3526 3936
2 2 3526 6886
2 2 6886 6857
2 2 6857 935
2 2 6857 6990
2 2 935 11857
2 2 935 949
2 2 3526 11818
2 2 11818 895
2 2 3844 3973
2 2 3973 863
2 2 863 1205
2 3 6857 3908 3937
2 2 3937 11813
2 2 11813 6923
2 2 6923 6952
2 2 6952 6814
2 3 6814 9888 9902
2 2 9888 9919
2 2 9919 9783
2 3 6814 3819 9610
2 2 9610 9612
2 2 9610 3796
2 2 3796 793
2 3 6900 3448 914
2 2 914 3914
2 2 914 9805
2 2 914 11767
2 3 793 11588 6652
2 3 6652 11657 9771
2 3 6990 9930 893
2 2 893 11774
2 2 11774 3893
2 2 3893 849
2 3 863 976 1109
2 2 1109 4109
2 2 4109 7127
2 3 4109 3988 7096
2 2 7096 7211
2 3 7096 4178 11965
2 3 9595 3627 9608
2 2 9608 6670
2 2 6670 11625
2 2 11625 9660
2 3 6670 3623 3617
2 2 3617 11580
2 2 11580 11586
2 2 11580 3614
2 2 11586 11583
2 3 6670 6700 11646
2 3 6700 679 6682
2 3 6682 646 9606
2 3 11583 6634 9602
2 3 11646 11644 11659
2 3 9610 6658 9617
2 2 9617 3663
2 3 9612 9614 657
2 2 657 9635
2 3 9635 3076 6706
2 3 3663 11619 690
2 2 690 3689
2 3 690 9668 9670
2 2 9670 9672
2 3 9902 922 9833
2 4 10323 7482 341 6459
2 4 6344 9288 9249 3568
2 2 3568 489
2 2 489 525
2 3 9249 3203 6232
2 4 6232 9554 9493 6593
2 4 6377 3271 6325 9347
2 3 6325 9320 11305
2 2 11305 321
2 3 11305 11331 6389
2 2 6389 317
2 3 317 11251 3277
2 2 3277 6364
2 2 6364 6235
2 2 6235 3206
2 3 6364 3341 399
2 4 10493 11302 3298 592
2 2 592 9221
2 3 592 415 11202
2 4 10493 9501 11291 3174
2 4 279 11232 388 6558
2 4 485 6569 9534 11506
2 4 525 3494 11454 488
2 4 488 3468 6495 11504
2 3 6495 6507 9463
2 3 9463 453 11405
2 4 453 486 11461 6530
2 3 6530 3491 6519
2 3 6519 6505 6474
2 3 6530 3531 418
2 3 418 6481 3520
2 3 6481 3492 9518
2 4 6474 6493 9430 9417
2 4 551 3506 6518 512
2 3 512 6533 3671
2 3 651 3626 620
2 4 6706 3724 6743 6727
2 2 6727 11670
2 4 620 3598 11582 6657
2 2 11465 9495
2 3 11465 9510 6536
2 3 6536 3758 3552
2 4 6657 9597 11565 9737
2 4 6875 6862 9794 3910
2 2 9794 9904
2 2 9904 11846
2 2 3910 6831
2 3 6831 9838 925
2 4 6831 3923 9826 819
2 3 819 11803 883
2 4 883 3958 6972 9856
2 2 9856 10027
2 2 9856 11837
2 3 11837 11998 6979
2 4 11202 9408 9120 4640
2 3 4640 104 11186
2 3 4640 11057 11127
2 3 11127 11426 3152
2 4 11186 11080 6174 3151
2 3 6174 6197 117
2 4 6174 79 11068 9197
2 4 9197 70 11174 3140
2 4 11336 6305 398 3364
2 4 398 343 238 9566
2 4 3151 9150 9100 9206
2 2 9206 6082
2 3 9206 6186 3061
2 2 3061 9183
2 2 9183 165
2 3 165 11043 136
2 2 136 37
2 2 136 11141
2 3 11141 9104 3125
2 3 9183 204 6009
2 2 204 67
2 2 67 9167
2 2 9167 3137
2 2 6009 11105
2 3 11105 6108 11211
2 3 11211 9194 3083
2 3 9194 9094 169
2 2 169 3117
2 2 3117 6013
2 2 6013 3122
2 4 37 6033 6156 9061
2 4 11043 9163 9056 6141
2 4 3122 11065 3172 66
2 4 66 195 11121 158
2 3 158 11081 11164
2 2 11164 11125
2 2 11125 9147
2 3 11125 124 6087
2 4 9147 11073 11208 11155
2 2 11155 3095
2 4 11073 9186 3104 9108
2 4 11155 6206 9178 192
2 3 192 6155 9126
2 4 192 6055 6130 11050
2 4 9126 6214 173 3048
2 4 3104 6024 3062 109
2 4 109 3100 9220 6132
2 4 9417 585 3587 775
2 3 775 6781 6768
2 2 6768 3720
2 2 6768 3734
2 3 3720 9696 717
2 2 717 719
2 3 3720 6738 9694
2 4 9694 9691 6692 11617
2 2 6692 9649
2 4 9710 743 6756 740
2 2 6756 3933
2 4 6756 13233 11852 885
2 4 743 11697 11838 9840
2 3 9840 6901 3816
2 2 3816 3954
2 3 3816 11737 7213
2 3 7213 9933 3945
2 3 3954 13223 6966
2 3 6966 6812 9764
2 3 9764 854 6927
2 4 885 903 6936 11825
2 3 11825 9846 3874
2 4 6936 9872 3920 726
2 3 726 3729 11707
2 4 13223 13222 9896 6906
2 4 6906 6856 9889 4098
2 2 4098 10024
2 4 11697 11699 3749 6766
2 4 9846 9800 3794 3938
2 2 3938 858
2 3 858 9881 6832
2 4 6832 3810 879 875
2 3 875 1178 7183
2 2 7183 1048
2 3 7183 10094 4135
2 3 4135 7153 9979
2 3 9979 7068 1176
2 3 1176 747 12038
2 4 879 809 931 6902
2 4 6902 11851 3846 9869
2 2 9869 970
2 2 970 11805
2 2 11805 924
2 2 924 3798
2 2 9869 6933
2 2 3798 6996
2 2 6996 9787
2 3 6933 9765 6880
2 2 6880 3790
2 3 9787 6924 9817
2 2 9817 11673
2 2 11673 6734
2 4 6734 9689 6955 758
2 4 10027 12098 12066 9990
2 4 6087 11204 3107 6142
2 3 3107 11030 197
2 4 197 9123 15 6181
2 4 15 74 6183 9116
2 2 9116 9140
2 4 6181 9201 11117 3134
2 4 197 9158 9074 3073
2 5 109 3138 3044 184 11148
2 3 11148 11129 130
2 5 488 458 409 11546 11683
2 3 11683 3755 721
2 4 721 568 3722 705
2 2 705 3686
2 2 705 6704
2 3 6704 9677 9680
2 6 70 11059 9190 6057 90 11159
2 7 130 205 9035 11209 6023 9173 156
2 4 156 9193 6127 11091
2 2 6127 9149
2 2 9149 6050
2 4 6050 161 11082 11380
2 2 11380 9393
2 4 11380 11390 3229 299
2 3 299 329 11215
2 4 299 363 242 9329
2 4 242 9410 9300 6345
2 2 6345 9279
2 4 242 9251 3307 383
2 2 383 6310
2 3 6310 171 11151
2 3 11151 3171 6115
2 4 171 69 6028 11114
2 4 11114 9138 179 3136
2 4 6115 14 11029 6151
2 4 6151 9096 11176 9296
2 4 9296 3049 6176 53
2 6 6151 9036 6184 9170 6145 122
2 6 3136 133 3105 3183 9139 3022
2 7 9131 9199 3157 6075 11071 11178 138
2 6 11071 9187 6051 6102 312 3338
2 3 9075 11161 284
2 3 11161 11306 3150
2 2 3150 6300
2 3 11306 6385 3273
2 3 3273 9383 9392
2 3 9383 6320 11218
2 2 11218 11332
2 3 11332 219 351
2 3 3150 11136 200
2 4 11332 6399 6335 6318
2 2 6318 9315
2 2 6318 9379
2 2 6318 6384
2 2 9315 6237
2 2 6237 11279
2 2 11279 9297
2 3 9379 9269 11297
2 3 9297 3301 311
2 3 311 3274 407
2 2 407 377
2 3 9297 7239 3369
2 4 11279 9268 11221 6103
2 3 11221 11253 271
2 2 271 322
2 3 6103 507 9458
2 3 9458 11446 3501
2 4 3369 9484 3463 540
2 2 540 6526
2 3 385 3242 3379
2 3 385 337 11371
2 3 3242 3359 303
2 2 3359 11293
2 3 11371 9255 9303
2 3 303 3396 6313
2 3 6313 11267 7394
2 3 7394 11237 285
2 4 11773 11874 11824 9772
2 2 13256 4014
2 2 4014 4159
2 4 13256 1009 7147 10074
2 3 12058 1164 9940
2 2 6393 6287
2 2 11984 7193
2 2 11617 11599
2 2 11599 772
2 2 772 3653
2 2 772 3658
2 2 3653 11753
2 2 11753 7454
2 2 7454 10472
2 2 10472 13378
2 2 10472 12376
2 2 10472 12441
2 2 12441 9702
2 2 13378 12320
2 2 12320 6997
2 2 6997 1636
2 2 9702 6671
2 2 6671 1530
2 2 6671 1599
2 2 1530 4534
2 2 4534 12309
2 2 12309 4605
2 2 1636 7604
2 2 7604 1896
2 2 7604 1463
2 2 1463 5014
2 2 5014 6826
2 2 6826 8123
2 2 1463 12476
2 2 12476 7530
2 2 7530 12387
2 2 12387 4512
2 2 1636 6935
2 2 8123 3795
2 2 3795 12046
2 2 3795 2097
2 2 2097 7994
2 2 3795 12413
2 2 12413 2013
2 2 7994 2004
2 2 2004 8001
2 2 8001 2089
2 2 2089 7953
2 2 2089 12726
2 2 2089 13366
2 2 13366 8085
2 2 8001 12879
2 2 2013 10882
2 3 12320 12450 1467
2 2 1467 11704
2 2 11704 12434
2 2 12434 1536
2 2 11704 4477
2 2 1536 7661
2 3 12376 652 11880
2 2 652 11853
2 3 12413 12316 10383
2 3 10383 4486 4111
2 2 4111 792
2 3 4111 11919 1065
2 3 12434 10454 4901
2 2 4901 4609
2 3 12476 10811 10106
2 3 4477 4545 4458
2 3 4486 7001 7151
2 2 7151 1086
2 2 1086 4206
2 3 4206 4088 4161
2 3 4512 11759 7620
2 2 7620 9860
2 2 7620 9823
2 2 11759 876
2 2 876 11797
2 2 11797 6919
2 2 6919 3979
2 2 6919 9868
2 2 9823 9893
2 2 9893 12473
2 2 12473 1088
2 2 12473 806
2 2 9893 6813
2 2 3979 9932
2 3 12473 7671 1606
2 3 4534 11609 11614
2 2 11614 9628
2 3 4609 7969 10837
2 3 10837 10768 8093
2 3 6813 3921 6888
2 3 6826 5098 12773
2 2 12773 8040
2 2 8040 2065
2 3 2065 1922 4928
2 2 4928 2026
2 2 4928 8031
2 3 6888 6977 919
2 2 919 11826
2 3 6888 6956 11810
2 3 4928 5089 8117
2 2 8117 12832
2 3 12832 4959 7982
2 3 7001 4574 4562
2 3 4959 12863 10913
2 3 11614 9647 3672
2 3 11810 9830 869
2 2 869 6807
2 3 6807 7143 4008
2 3 869 9861 11844
2 2 11844 804
2 2 804 11747
2 3 869 11792 11860
2 3 11860 3876 11907
2 2 11907 10041
2 2 10041 3927
2 3 11860 6877 3983
2 2 3983 3951
2 2 3951 11831
2 2 11831 3856
2 3 11907 12013 10122
2 2 12013 1005
2 3 10041 9929 10038
2 3 8085 1955 12702
2 3 12702 5024 12727
2 3 12702 10791 8051
2 4 4161 10002 12073 10099
2 4 12727 12813 10892 12758
2 4 12758 7934 2033 5037
2 2 5037 12883
2 4 10791 4932 12740 5049
2 2 5049 10760
2 2 5049 7960
2 3 12740 2059 2103
2 4 12863 1986 2070 10782
2 4 2070 12809 12739 7990
2 3 7990 1888 5029
2 4 804 9844 6920 11883
2 3 11883 11866 904
2 4 919 933 9900 11881
2 5 2059 12894 4976 4924 10840
2 3 10840 10752 5074
2 3 9304 13379 3309